[directions and weather.JPG]
backuphash=28350
filters=retouch=1;
text=4;125;3;32F;Calibri;0.012500,0.594558,0.022222,0.000000;v1,4278190080,4278190080,128.000000,1.000000,0.500000,1.000000,400,2,49152;;127;5;CLEAR;Calibri;0.010294,0.650340,0.022222,0.000000;v1,4278190080,4278190080,128.000000,1.000000,0.500000,1.000000,400,2,49152;;125;3;55F;Calibri;0.905882,0.598639,0.022222,0.000000;v1,4278190080,4278190080,128.000000,1.000000,0.500000,1.000000,400,2,49152;;127;5;CLEAR;Calibri;0.908823,0.653061,0.022222,0.000000;v1,4278190080,4278190080,128.000000,1.000000,0.500000,1.000000,400,2,49152;;
textactive=1
